1   2   3   4   5   6   7   8           0
1   2   3           6   7   8           1
1   2                   7   8           2
1                           8           3
1   2                   7   8           4
1   2   3           6   7   8           5
1   2   3   4   5   6   7   8           6


1   2   3   4   5   6   7               0
1   2   3       5   6   7               1
1   2               6   7               2
1                       7               3
1   2               6   7               4
1   2   3       5   6   7               5
1   2   3   4   5   6   7               6